- OS: Windows-10-10.0.19045-SP0 10.0.19045
- Python: 3.11.7
- Stable-Baselines3: 2.2.1
- PyTorch: 2.1.2+cpu
- GPU Enabled: False
- Numpy: 1.26.3
- Cloudpickle: 3.0.0
- Gymnasium: 0.29.1
